
Case
Ra: 4.0,    Rt: 1.0,    CLtarget: 0.5,    h/b: 0.25
 message: Optimization terminated successfully
 success: True
  status: 0
     fun: 163.027055260835
       x: [ 6.652e+00]
     nit: 6
     jac: [ 4.926e+01]
    nfev: 18
    njev: 6
x array:
 6.6519205561586228e+00
